1000000000000000000000000000000000000000000000000
1000000000000000000000000000000000000000000000000
1000000000000000000000000000000000000000000000000
1000000000000000000000000000000000000000000000000
1000000000000000000000000000000000000000000000000
1000000000000000000000000000000000000000000000000
1000000000000000000000000000000000000000000000000
1000000000000000000000000000000000000000000000000
1000000000000000000000000000000000000010000000000
1100000000000000000000000000000000000010000000000
1100000000000000000000000000000000000010000f00000
1100000000000000000000000000000000000011111111111
1100000000000000000000000000000000000011111111111
11000p000000000000000b000000000000000011111111111
1111111111111111111111222222222222222211111111111
1111111111111111111111222222222222222221111111111
1111111111111111111111222222222222222221111111111
1111111111111111111111222222222222222221111111111
1111111111111111111111222222222222222221111111111
1111111111111111111111222222222222222221111111111
1111111111111111111111222222222222222221111111111

#START_DATA#
name=Hole 1
shots=5
#END_DATA#

#START_ENTITIES#
spike,38,7
#END_ENTITIES#