1111111111111111111111111111111111111111111111111
1111111111111111111111111111111111111111111111111
0000000000000000000000000000111111111111111111111
0000000000000000000000000000000111111111111111111
0000000000000000000000000000000111111111111111111
0000000000000000000110000000000111111111111111111
0000000000000000000110000000000111111111111111111
000000000000000000011000f000000111111111111111111
0000000000000000000111111111111111111111111111111
0000000000000000000111111111111111111111111111111
1111111000000000000000000000000000000000000000001
1111111000000000000000000000000000000000000000001
1111100000000000000000000000000000000000000000001
1111100000000000000000000000000000000000000000001
1111100000000000000000000000000000000000000000001
111110000000000000000000p000000000000000000000001
1110000000000000000011111111100000000000000000001
2222222222222222222211111111122222222222222222221
2222222222222222222222111112222222222222222222221
2222222222222222222222111112222222222222222222221
2222222222222222222222111112222222222222222222221
#START_DATA#
name=Hole 1
shots=3
#END_DATA#
#START_ENTITIES#
gold,7,13
#END_ENTITIES#